1 0 14 0
2 0 4 0
3 0 13 0
4 0 85 0
5 0 12 0
6 0 43 0
8 0 37 0
9 0 52 0
11 0 5 0
12 0 5 0
14 0 207 0
15 0 5 0
16 0 235 0
17 0 23 0
18 0 33 0
19 0 111 0
20 0 292 0
21 0 7 0
22 0 292 0
23 0 5 0
24 0 30 0
25 0 47 0
26 0 27 0
27 0 147 0
28 0 12 0
29 0 23 0
30 0 84 0
31 0 26 0
32 0 292 0
33 0 21 0
34 0 81 0
35 0 140 0
36 0 20 0
37 0 69 0
38 0 83 0
39 0 10 0
40 0 6 0
42 0 7 0
43 0 7 0
44 0 76 0
46 0 25 0
47 0 31 0
48 0 24 0
49 0 16 0
50 0 23 0
51 0 48 0
52 0 90 0
53 0 14 0
54 0 26 0
55 0 292 0
56 0 36 0
57 0 134 0
59 0 28 0
60 0 161 0
61 0 33 0
62 0 10 0
63 0 16 0
64 0 106 0
65 0 44 0
66 0 240 0
67 0 205 0
68 0 214 0
69 0 275 0
70 0 36 0
71 0 285 0
72 0 29 0
73 0 114 0
74 0 8 0
75 0 83 0
77 0 150 0
78 0 55 0
79 0 35 0
81 0 36 0
82 0 20 0
83 0 4 0
84 0 67 0
85 0 77 0
86 1 18 0
87 1 19 0
88 1 32 0
90 1 14 0
91 1 10 0
92 1 36 0
96 1 16 0
97 2 94 0
99 2 34 0
101 2 16 0
103 2 47 0
105 3 11 0
106 3 53 0
108 3 15 0
110 4 60 0
112 4 22 0
116 5 23 0
117 6 11 11
118 6 6 11
119 6 10 0
120 6 17 0
122 6 10 0
126 8 79 0
127 8 26 0
129 8 31 0
131 9 65 0
134 9 31 0
135 9 52 0
136 10 21 0
139 11 18 62
140 11 11 62
141 11 26 0
142 11 37 0
146 11 20 0
148 12 23 117
149 12 70 117
150 12 203 0
151 13 19 0
152 13 43 0
154 13 31 0
156 13 110 0
158 14 155 0
159 14 69 0
161 15 74 0
162 15 20 0
163 15 77 0
167 16 36 0
168 17 43 0
169 17 66 0
170 17 28 0
172 18 30 0
173 18 31 0
174 18 25 0
175 18 29 0
177 20 41 0
179 21 32 0
180 21 96 0
181 22 31 0
184 22 47 0
188 23 50 0
190 24 33 0
191 24 33 0
192 24 292 0
195 24 30 0
196 25 26 48
197 25 257 48
199 25 82 0
200 25 45 0
202 26 44 0
203 26 47 0
204 26 39 0
208 27 98 0
211 28 42 0
212 28 73 0
218 29 57 0
219 29 292 0
220 29 232 0
222 30 43 0
223 30 47 0
225 31 39 0
231 32 290 0
233 32 40 0
236 32 78 0
237 32 69 0
239 32 36 0
245 34 208 18
246 34 49 18
248 34 121 0
249 34 153 0
254 35 62 0
258 36 76 0
259 36 60 0
261 36 40 0
263 36 42 0
264 37 201 81
265 37 72 81
269 37 48 0
273 38 76 0
276 38 84 0
278 38 121 0
280 39 115 0
282 39 48 0
283 39 44 0
287 40 69 0
288 40 52 0
290 40 61 0
292 41 47 0
294 41 74 0
297 42 163 0
299 43 55 0
304 43 76 0
306 43 106 0
308 44 94 0
309 44 50 0
310 44 53 0
314 45 221 0
317 45 49 0
320 46 54 0
326 47 51 0
327 48 87 103
328 48 78 103
330 48 105 0
331 48 87 0
332 48 175 0
335 48 65 0
338 48 140 0
340 49 57 0
343 50 88 0
345 50 71 0
346 50 70 0
349 50 93 0
351 51 292 0
354 51 60 0
356 52 83 0
358 52 292 0
360 53 225 0
361 53 215 0
362 54 79 0
363 54 71 0
365 54 227 0
366 55 67 0
367 55 68 0
369 56 79 0
370 56 61 0
372 57 133 0
374 58 106 0
376 59 119 0
377 59 92 0
383 61 109 0
385 61 292 0
386 62 292 0
388 63 91 0
389 64 292 0
392 67 292 0
393 67 208 0
394 68 118 0
395 68 78 0
396 68 95 0
401 70 74 0
403 71 127 0
405 71 267 0
407 71 75 0
409 72 101 0
410 72 123 0
412 73 149 0
416 74 132 0
418 75 101 0
419 75 157 0
420 75 183 0
426 77 145 0
430 78 114 0
431 78 82 0
435 79 292 0
438 79 192 0
442 80 214 0
443 80 95 0
445 81 154 0
446 81 174 0
447 82 180 0
449 82 86 0
450 82 203 0
451 82 131 0
452 83 212 0
453 83 104 0
455 84 292 0
456 84 140 0
457 84 292 0
458 84 108 0
459 84 212 0
460 85 91 0
461 85 94 0
462 85 121 0
463 86 95 0
465 86 165 0
466 87 95 0
468 89 102 0
469 90 135 0
470 91 172 0
471 92 212 0
472 93 270 0
473 93 121 0
476 93 106 0
477 94 292 0
478 94 278 0
484 95 165 0
487 95 101 0
490 96 108 0
491 96 118 0
494 96 292 0
498 97 104 0
503 98 292 0
509 99 252 0
514 101 117 0
519 102 120 0
524 103 123 0
527 103 179 0
535 105 292 0
536 105 134 0
540 106 126 0
542 107 188 64
543 107 167 64
544 107 164 0
545 107 292 0
556 109 119 0
558 110 208 0
561 110 151 0
562 110 185 0
566 111 117 0
570 113 149 0
575 115 122 430
576 115 238 430
579 116 211 0
580 116 126 0
581 116 194 0
584 116 132 0
585 116 189 0
586 117 284 0
590 119 197 0
591 119 134 0
592 119 127 0
599 121 141 0
600 121 292 0
601 121 206 0
605 122 292 0
609 122 172 0
612 124 196 0
614 124 174 0
615 125 130 0
616 125 131 0
617 125 144 0
623 127 131 540
624 127 292 540
628 128 165 0
631 128 163 0
632 129 170 0
639 131 185 0
643 132 274 0
649 133 292 0
651 133 142 0
656 134 147 0
657 134 204 0
658 134 185 0
660 134 195 0
665 135 292 536
666 135 136 536
667 135 176 0
668 135 292 0
681 138 172 0
691 139 143 0
695 141 292 0
696 141 232 0
700 142 230 0
705 143 177 0
707 143 244 0
711 144 167 0
715 144 172 0
716 145 149 0
720 146 273 426
721 146 158 426
733 148 292 0
736 148 204 0
737 149 163 0
748 152 213 0
749 152 168 0
760 154 210 0
773 156 180 0
775 156 193 0
789 159 292 0
805 163 292 0
810 164 197 631
811 164 167 631
813 164 169 0
820 165 176 0
821 165 258 0
822 165 209 0
823 165 169 0
829 166 292 465
830 166 166 465
838 167 292 0
844 168 237 0
846 168 284 0
857 170 186 0
864 170 178 0
865 171 176 0
871 171 182 0
873 171 192 0
877 172 199 0
883 173 183 0
885 174 223 0
886 174 180 0
891 174 191 0
896 175 181 0
897 176 220 0
899 176 191 0
907 177 191 0
936 181 292 0
938 182 217 0
939 182 190 0
940 182 187 0
951 183 244 0
952 183 258 0
953 184 226 0
955 184 264 0
960 184 208 0
961 185 247 0
966 186 247 0
969 187 223 0
970 187 292 0
971 187 194 0
972 187 292 0
977 188 208 0
978 188 242 0
982 188 209 0
987 189 238 0
988 190 264 0
993 191 230 0
998 191 245 0
999 192 292 0
1002 192 197 0
1012 195 292 0
1019 196 212 0
1020 196 206 0
1025 197 292 0
1026 197 260 0
1027 197 287 0
1035 198 252 0
1041 199 227 0
1042 199 292 0
1047 200 259 0
1067 202 292 0
1068 202 292 0
1074 203 219 0
1076 204 229 0
1092 206 214 0
1103 207 214 0
1108 208 255 0
1113 209 233 0
1115 209 231 0
1117 209 292 0
1121 210 224 0
1123 210 292 0
1124 210 214 0
1125 210 292 0
1126 210 279 0
1130 211 292 0
1131 211 292 0
1136 212 224 0
1142 213 256 0
1143 213 292 0
1151 214 249 0
1158 214 288 0
1159 214 292 0
1162 215 275 0
1169 215 292 0
1185 218 287 0
1188 218 271 0
1194 219 233 0
1223 221 272 0
1234 222 256 0
1238 222 227 0
1246 223 235 0
1258 224 233 0
1262 224 292 0
1278 226 230 0
1279 226 292 0
1280 226 260 0
1287 226 257 0
1288 227 232 0
1289 227 234 0
1297 228 232 0
1304 230 292 1076
1305 230 276 1076
1306 230 237 0
1313 230 234 0
1318 231 292 0
1335 233 238 0
1336 233 245 0
1343 233 239 0
1352 234 254 0
1353 234 282 0
1365 236 251 0
1374 237 246 0
1376 237 292 0
1382 237 244 0
1390 238 259 0
1404 240 292 0
1406 240 292 0
1412 240 247 0
1416 241 253 0
1429 242 292 0
1431 243 249 0
1432 243 247 0
1457 246 267 0
1462 246 254 0
1464 247 276 0
1470 247 270 0
1473 248 267 0
1479 248 292 0
1482 249 258 0
1488 249 272 0
1489 250 292 1151
1490 250 252 1151
1500 252 256 0
1505 252 260 0
1506 252 292 0
1510 253 291 0
1514 253 257 0
1526 255 273 0
1527 255 292 0
1528 255 265 0
1529 256 292 0
1535 256 292 0
1536 257 257 1142
1537 257 292 1142
1539 257 262 0
1545 258 292 0
1546 258 292 0
1547 258 292 0
1548 258 292 0
1549 258 292 0
1556 259 292 0
1561 259 292 0
1565 260 271 0
1566 260 292 0
1568 261 271 0
1572 261 292 0
1574 262 292 0
1576 262 275 0
1583 263 274 0
1589 265 279 0
1590 265 292 0
1595 266 270 0
1606 268 292 0
1609 268 292 0
1611 268 292 0
1620 271 292 0
1624 271 277 0
1626 272 292 0
1627 272 292 0
1628 272 279 0
1632 272 279 0
1638 273 292 0
1639 273 292 0
1640 274 292 720
1641 274 292 720
1647 274 278 0
1649 275 292 0
1655 276 290 0
1663 277 292 0
1670 277 292 0
1672 278 292 0
1677 278 292 0
1679 279 292 0
1681 279 291 0
1682 279 292 0
1683 279 292 0
1684 279 283 0
1698 280 292 0
1708 282 292 0
1709 282 286 0
1717 283 291 0
1718 283 292 0
1727 284 292 0
1735 285 292 0
1754 287 292 0
1768 288 292 0
