2 0 6 0
3 0 13 0
4 0 4 0
5 0 11 0
6 0 4 0
8 0 14 0
9 0 6 0
12 0 9 0
13 0 5 0
16 0 10 0
17 0 11 0
18 0 9 0
19 0 53 0
20 0 12 0
21 0 14 0
22 0 63 0
23 0 91 0
24 0 15 0
25 0 8 0
26 0 24 0
27 0 121 0
29 0 6 0
31 0 37 0
32 0 6 0
33 0 22 0
34 0 112 0
35 0 108 0
36 0 5 0
38 0 29 0
39 0 151 0
40 0 22 0
43 0 292 0
44 0 27 0
45 0 14 0
46 0 49 0
47 0 149 0
48 0 67 0
49 0 94 0
50 0 12 0
51 0 33 0
52 0 112 0
53 0 14 0
54 0 7 0
55 0 24 0
56 0 113 0
57 0 33 0
58 0 39 0
59 0 159 0
60 0 29 0
61 0 11 0
62 0 28 0
63 0 6 0
64 0 6 0
65 0 5 0
66 0 5 0
67 0 13 0
68 0 28 0
69 0 18 0
70 0 18 0
72 0 33 0
73 0 55 0
74 0 36 0
75 0 34 0
76 0 185 0
78 0 8 0
79 0 33 0
80 0 32 0
81 0 18 0
83 0 15 0
84 0 30 0
85 0 5 0
86 0 8 0
87 0 44 0
88 0 31 0
89 0 52 0
90 0 28 0
91 0 22 0
92 0 7 0
93 0 34 0
94 0 212 0
95 0 5 0
96 0 13 0
97 0 77 0
98 0 40 0
99 0 27 0
100 0 178 0
101 0 30 0
102 0 21 0
103 0 4 0
104 0 91 0
105 0 12 0
107 1 43 0
108 1 35 0
109 1 49 0
112 1 7 0
113 1 16 0
116 2 7 0
117 2 8 0
119 2 24 0
120 2 6 0
121 2 9 0
126 3 24 0
127 3 75 0
128 3 9 0
129 4 17 0
131 4 27 0
133 4 43 0
134 4 9 0
135 4 43 0
139 4 17 0
140 5 26 0
141 5 16 0
142 5 15 0
143 6 33 0
144 6 47 0
145 6 26 0
146 6 21 0
147 6 80 0
150 7 29 0
151 7 18 0
152 7 39 0
153 7 14 0
155 7 16 0
159 8 53 0
164 8 21 0
165 8 25 0
166 8 12 0
167 8 13 0
171 9 14 0
177 10 43 0
182 10 18 0
184 11 83 0
185 11 15 0
188 11 221 0
189 12 31 0
191 12 17 0
192 12 27 0
193 12 53 0
197 12 40 0
198 12 60 0
199 13 96 0
200 13 74 0
202 13 68 0
203 13 17 0
204 13 19 0
205 13 33 0
206 13 45 0
209 14 22 0
210 14 20 0
211 14 57 0
214 14 86 0
215 14 18 0
216 15 19 0
217 15 25 0
218 15 19 0
219 15 28 0
221 15 38 0
222 16 25 0
223 16 44 0
224 16 31 0
225 16 77 0
226 16 57 0
230 17 53 0
232 17 36 0
234 18 30 0
240 19 49 0
241 19 24 0
242 19 134 0
244 19 27 0
245 19 34 0
248 20 37 0
249 20 50 0
253 21 35 0
255 21 71 0
256 22 26 0
259 22 42 0
262 22 26 0
263 23 32 0
265 23 116 0
268 23 30 0
271 24 41 0
272 24 102 0
275 24 46 0
277 25 153 241
278 25 27 241
280 25 30 0
281 25 70 0
283 25 61 0
284 25 51 0
285 25 64 0
286 25 36 0
287 25 34 0
289 26 135 0
293 26 53 0
294 26 31 0
296 27 36 0
300 28 33 0
301 28 58 0
302 28 33 0
303 28 33 0
304 28 292 0
305 28 48 0
306 28 40 0
307 28 50 0
311 29 148 0
314 30 42 0
316 30 42 0
317 30 52 0
319 30 40 0
321 30 40 0
322 30 37 0
326 31 82 0
328 32 40 0
330 32 36 0
334 32 39 0
335 32 67 0
336 32 39 0
337 32 60 0
338 32 43 0
339 32 37 0
341 32 47 0
346 33 70 0
347 33 57 0
348 33 39 0
350 34 70 0
351 34 47 0
353 34 67 0
355 34 151 0
359 34 70 0
360 34 43 0
361 34 50 0
365 35 53 0
366 35 119 0
368 36 47 0
369 36 41 0
372 36 43 0
376 36 137 0
377 36 50 0
378 36 47 0
380 37 89 0
385 37 46 0
386 37 93 0
387 37 49 0
391 38 43 0
394 38 60 0
395 38 44 0
397 39 126 0
400 39 61 0
402 39 54 0
406 40 54 0
407 40 47 0
408 40 68 0
409 40 55 0
410 40 220 0
412 41 48 0
415 41 50 0
418 41 57 0
420 41 87 0
422 41 74 0
425 42 48 0
427 42 47 0
428 42 64 0
429 42 52 0
430 42 64 0
431 43 53 0
435 43 55 0
436 43 47 0
438 43 55 0
439 44 53 0
442 44 102 0
443 45 141 0
446 45 78 0
447 45 63 0
448 45 101 0
449 45 81 0
452 46 47 0
453 46 87 0
456 46 254 0
459 47 51 0
461 48 87 452
462 48 49 452
463 48 60 0
465 48 178 0
467 48 71 0
470 48 65 0
473 49 80 0
475 49 53 0
476 49 95 0
477 49 214 0
478 49 59 0
485 50 56 0
490 51 109 0
491 51 59 0
496 52 237 0
497 52 223 0
498 52 56 0
502 53 153 0
503 53 58 0
505 54 66 0
507 54 80 0
508 54 75 0
509 54 88 0
510 54 63 0
511 54 107 0
512 54 71 0
514 55 117 0
515 55 61 0
516 55 84 0
517 55 98 0
518 55 63 0
519 55 61 0
520 55 124 0
522 55 84 0
523 55 59 0
525 56 71 0
526 56 65 0
527 56 86 0
528 56 79 0
529 56 70 0
530 56 61 0
533 57 63 0
535 58 77 0
536 58 108 0
537 58 71 0
539 59 68 0
541 59 199 0
546 60 82 0
547 60 64 0
549 61 95 0
552 62 92 0
553 62 70 0
557 63 166 0
558 63 67 0
559 63 69 0
560 63 74 0
562 63 108 0
564 64 69 0
566 64 113 0
567 64 69 0
571 65 74 0
572 65 81 0
574 66 76 0
576 66 76 0
578 66 76 0
580 67 292 0
581 67 130 0
582 67 80 0
588 68 73 0
592 69 77 0
593 69 118 0
594 69 77 0
596 69 147 0
597 69 74 0
599 70 117 0
601 70 87 0
603 70 94 0
604 70 86 0
606 71 105 0
607 71 78 0
609 71 78 0
610 71 96 0
615 72 78 0
616 72 79 0
621 72 167 0
626 73 84 0
627 73 89 0
628 73 132 0
629 73 81 0
632 73 77 0
634 74 78 0
635 74 107 0
636 74 101 0
637 74 94 0
640 75 292 0
641 75 108 0
649 76 80 0
650 76 107 0
651 76 88 0
652 76 282 0
653 76 118 0
654 76 82 0
655 77 91 0
656 77 121 0
657 77 142 0
661 78 156 0
664 79 141 0
665 79 166 0
670 80 86 0
672 80 119 0
673 80 89 0
675 80 94 0
682 81 101 0
683 81 85 0
687 82 117 0
688 82 206 0
689 82 117 0
690 82 110 0
692 83 108 0
694 83 274 0
695 83 94 0
697 84 156 0
698 84 90 0
700 85 92 0
702 85 232 0
703 85 98 0
704 85 92 0
708 86 113 0
709 86 155 0
710 86 131 0
713 87 160 0
715 88 120 0
716 88 106 0
718 88 144 0
720 89 147 0
721 89 105 0
723 89 94 0
724 89 97 0
726 89 100 0
727 89 109 0
733 90 133 0
736 91 95 0
739 91 97 0
740 92 111 0
742 92 216 0
744 92 185 0
746 93 115 0
748 93 128 0
749 93 101 0
750 93 102 0
751 93 155 0
752 93 102 0
753 94 188 0
754 94 132 0
757 94 206 0
758 94 99 0
759 94 122 0
761 95 107 0
763 96 150 0
765 96 105 0
766 96 103 0
768 96 102 0
769 96 113 0
770 97 101 0
772 97 114 0
775 98 103 0
779 98 127 0
785 100 110 0
786 100 125 0
788 100 110 0
790 101 126 0
791 101 121 0
794 101 120 0
802 103 179 0
803 103 110 0
804 103 109 0
810 104 134 0
814 105 117 0
815 105 156 0
819 105 123 0
820 106 115 0
823 106 113 0
825 107 126 0
826 107 144 0
827 107 124 0
829 107 112 0
831 107 125 0
832 107 116 0
833 107 190 0
843 108 112 0
845 109 135 0
848 109 113 0
850 109 165 0
851 110 151 0
853 110 120 0
856 110 114 0
857 110 124 0
858 110 116 0
859 110 167 0
861 111 181 0
862 111 231 0
863 111 148 0
864 111 134 0
865 111 139 0
866 111 161 0
867 111 292 0
868 112 132 0
869 112 146 0
870 112 165 0
876 113 118 0
877 113 242 0
879 113 177 0
880 114 119 0
881 115 141 0
882 115 246 0
884 115 231 0
886 116 139 0
889 116 123 0
890 117 147 0
891 117 148 0
892 117 148 0
896 118 292 814
897 118 179 814
898 118 125 0
899 118 204 0
900 118 124 0
901 118 132 0
903 119 134 0
905 119 292 0
906 120 207 0
907 120 173 0
912 120 130 0
915 121 125 0
916 121 126 0
917 121 138 0
918 121 130 0
919 121 136 0
920 122 128 0
921 122 170 0
922 122 129 0
924 122 154 0
925 122 255 0
926 122 129 0
927 122 126 0
928 122 128 0
931 124 206 0
934 124 133 0
935 124 135 0
937 125 142 0
938 125 129 0
940 126 132 0
944 127 128 397
945 127 169 397
946 127 181 0
947 127 139 0
948 127 133 0
949 127 131 0
950 127 134 0
951 127 145 0
952 128 258 0
953 128 167 0
956 129 135 0
957 129 133 0
960 131 143 0
963 131 140 0
965 132 141 0
967 132 133 0
968 132 151 0
969 132 153 0
970 132 145 0
971 132 138 0
972 132 187 0
973 132 204 0
974 133 144 0
975 133 171 0
976 133 148 0
977 133 195 0
978 133 213 0
979 133 234 0
980 134 149 967
981 134 155 967
983 134 145 0
984 134 138 0
985 135 195 0
988 135 150 0
989 135 168 0
992 137 199 0
995 137 144 0
996 137 217 0
998 138 166 0
999 138 183 0
1000 138 147 0
1003 139 150 0
1005 139 147 0
1006 140 162 0
1007 140 194 0
1008 140 184 0
1011 141 155 0
1012 141 149 0
1013 141 212 0
1015 142 160 0
1016 143 147 937
1017 143 143 937
1018 143 155 0
1020 143 244 0
1021 143 177 0
1022 143 171 0
1025 143 257 0
1026 144 222 0
1027 144 155 0
1029 145 158 0
1030 145 150 0
1032 145 220 0
1034 146 198 0
1036 146 201 0
1037 146 190 0
1038 146 279 0
1039 147 160 0
1041 147 161 0
1042 147 156 0
1043 148 228 0
1044 148 270 0
1048 149 154 0
1049 149 161 0
1050 149 292 0
1051 149 180 0
1055 149 157 0
1056 150 158 0
1058 150 156 0
1059 151 155 988
1060 151 151 988
1061 151 169 0
1062 151 226 0
1063 151 252 0
1064 151 292 0
1065 152 211 0
1066 152 171 0
1067 152 189 0
1070 152 292 0
1072 153 159 0
1073 154 184 0
1074 154 185 0
1075 154 163 0
1078 154 164 0
1079 155 185 0
1080 155 168 0
1084 156 224 0
1089 156 191 0
1091 156 184 0
1093 156 177 0
1094 156 163 0
1096 157 195 0
1097 157 170 0
1098 158 250 0
1099 158 204 0
1102 159 197 0
1103 159 178 0
1104 160 194 0
1105 160 292 0
1106 161 206 0
1107 161 165 0
1108 161 292 0
1110 162 218 0
1111 162 189 0
1112 162 167 0
1115 163 181 0
1118 164 168 0
1121 164 240 0
1122 164 171 0
1125 166 291 0
1126 166 175 0
1129 166 171 0
1130 166 173 0
1131 166 188 0
1132 167 204 0
1135 167 171 0
1137 167 292 0
1138 167 292 0
1139 167 181 0
1143 168 175 0
1144 168 181 0
1146 168 175 0
1147 168 172 0
1150 169 173 0
1151 169 210 0
1154 170 212 0
1156 170 192 0
1160 171 205 0
1161 171 274 0
1162 171 214 0
1163 171 292 0
1165 172 176 0
1167 172 192 0
1169 173 179 0
1170 173 183 0
1171 173 177 0
1176 175 219 0
1177 175 204 0
1179 176 184 0
1180 176 183 0
1181 176 182 0
1182 176 237 0
1183 176 183 0
1188 177 292 0
1189 177 199 0
1190 177 197 0
1192 177 181 0
1193 177 183 0
1194 178 292 0
1195 178 190 0
1196 178 183 0
1197 178 241 0
1200 179 201 0
1205 180 186 0
1206 181 279 0
1207 181 186 0
1208 181 212 0
1209 182 224 0
1212 182 213 0
1213 182 208 0
1214 183 207 0
1215 183 196 0
1217 183 190 0
1218 183 210 0
1220 183 187 0
1222 184 206 0
1223 184 198 0
1224 184 225 0
1225 184 231 0
1226 184 200 0
1227 184 275 0
1229 185 257 0
1231 185 197 0
1233 186 227 0
1234 186 192 0
1236 186 211 0
1237 186 225 0
1238 186 289 0
1241 186 195 0
1244 187 192 0
1246 187 292 0
1247 187 283 0
1252 188 208 0
1253 188 292 0
1254 188 200 0
1255 188 194 0
1258 190 198 0
1261 190 196 0
1262 190 196 0
1264 191 223 0
1265 191 251 0
1266 192 200 0
1267 192 196 0
1270 193 197 0
1271 193 212 0
1272 194 200 0
1273 194 228 0
1275 194 210 0
1276 194 198 0
1278 195 239 0
1280 195 235 0
1281 195 220 0
1284 196 209 0
1285 196 254 0
1288 197 292 0
1290 197 203 0
1291 197 205 0
1295 198 218 0
1296 198 218 0
1298 199 230 0
1299 199 214 0
1302 200 215 0
1304 200 205 0
1305 200 207 0
1307 201 273 0
1308 201 209 0
1309 201 208 0
1310 201 230 0
1311 201 275 0
1315 202 211 0
1317 203 231 0
1319 203 228 0
1320 203 214 0
1321 203 292 0
1325 204 222 0
1327 205 292 0
1331 205 264 0
1333 206 228 0
1336 206 210 0
1340 208 218 0
1341 208 292 0
1342 208 261 0
1344 208 292 0
1345 208 292 0
1346 208 224 0
1347 208 220 0
1348 208 234 0
1354 209 226 0
1355 210 285 0
1357 210 275 0
1358 210 222 0
1359 210 214 0
1360 211 256 0
1361 211 223 0
1362 211 287 0
1364 211 247 0
1365 212 259 0
1366 212 216 0
1368 212 217 0
1369 212 233 0
1372 213 230 0
1373 213 220 0
1374 213 236 0
1375 213 261 0
1377 214 227 0
1378 214 218 0
1379 214 221 0
1380 215 227 0
1381 215 225 0
1384 215 224 0
1385 215 224 0
1386 216 223 0
1389 216 292 0
1391 217 226 0
1392 217 223 0
1393 217 292 0
1394 217 230 0
1396 218 247 0
1398 218 263 0
1399 218 272 0
1401 218 223 0
1402 218 222 0
1403 218 224 0
1405 218 259 0
1406 219 219 1295
1407 219 219 1295
1409 219 252 0
1410 219 276 0
1412 219 225 0
1419 220 224 0
1420 220 224 0
1421 220 223 0
1423 220 234 0
1427 220 292 0
1428 221 266 0
1430 221 229 0
1432 221 264 0
1434 221 283 0
1436 221 240 0
1438 221 292 0
1441 222 256 0
1443 222 228 0
1444 222 226 0
1445 223 238 0
1448 223 231 0
1449 223 268 0
1450 224 249 1421
1451 224 224 1421
1452 224 237 497
1453 224 224 497
1455 224 236 0
1457 224 259 0
1458 224 272 0
1459 224 292 0
1461 225 255 0
1463 225 230 0
1466 226 242 0
1468 226 264 0
1472 227 252 0
1474 227 292 0
1475 227 229 0
1476 227 257 0
1479 228 233 0
1483 228 233 0
1487 229 237 0
1489 229 237 0
1490 229 247 0
1491 229 238 0
1492 230 292 1475
1493 230 292 1475
1497 230 292 0
1501 230 236 0
1502 230 240 0
1503 230 243 0
1507 231 239 0
1511 231 280 0
1512 231 292 0
1513 231 285 0
1514 231 235 0
1515 231 236 0
1526 232 240 0
1532 233 265 0
1534 233 292 0
1535 233 258 0
1538 234 251 0
1543 235 254 0
1544 235 240 0
1550 236 292 0
1553 236 258 0
1558 237 249 0
1560 237 292 0
1563 238 244 0
1566 238 292 0
1568 238 257 0
1570 238 242 0
1571 238 292 0
1576 239 246 0
1578 239 251 0
1580 239 243 0
1581 239 280 0
1588 240 245 0
1591 240 251 0
1594 241 268 0
1596 241 251 0
1598 241 264 0
1602 242 292 0
1604 242 250 0
1607 243 250 0
1608 243 281 0
1609 243 262 0
1610 243 249 0
1611 243 257 0
1615 244 248 0
1616 244 269 0
1625 246 255 0
1627 246 261 0
1628 246 256 0
1634 247 255 0
1640 248 271 0
1641 248 253 0
1642 248 257 0
1643 248 262 0
1648 249 292 0
1653 249 256 0
1658 250 289 0
1660 250 266 0
1668 251 272 0
1669 251 268 0
1670 251 259 0
1672 251 264 0
1678 252 292 0
1681 253 261 0
1683 253 258 0
1684 253 291 0
1685 253 289 0
1686 253 287 0
1690 254 292 0
1691 254 259 0
1692 254 258 0
1696 255 292 0
1697 255 292 0
1698 255 266 0
1699 255 271 0
1700 255 273 0
1704 256 292 0
1705 256 280 0
1706 256 260 0
1708 257 258 1360
1709 257 257 1360
1711 257 263 0
1713 257 266 0
1714 257 262 0
1716 257 263 0
1718 258 292 0
1721 258 270 0
1722 258 292 0
1723 258 267 0
1724 258 292 0
1726 258 274 0
1727 258 292 0
1728 258 289 0
1729 258 266 0
1732 259 292 0
1737 260 292 0
1738 260 292 0
1740 260 276 0
1742 260 271 0
1744 261 292 0
1747 261 271 0
1749 261 271 0
1751 262 287 0
1753 262 266 0
1754 262 267 0
1755 262 292 0
1756 262 292 0
1761 263 292 0
1765 264 292 0
1766 264 292 0
1767 264 275 0
1769 265 279 0
1774 265 282 0
1777 265 272 0
1780 266 292 0
1782 266 292 0
1784 267 292 0
1786 267 292 0
1787 267 275 0
1792 267 276 0
1795 268 292 0
1796 268 281 0
1797 268 292 0
1798 268 292 0
1799 268 278 0
1804 269 283 0
1805 269 292 0
1806 269 276 0
1808 269 285 0
1812 270 292 0
1816 271 292 0
1819 271 292 0
1823 272 292 0
1825 272 292 0
1828 272 286 0
1829 272 286 0
1832 273 292 0
1833 273 281 0
1838 274 279 0
1840 274 292 0
1841 274 286 0
1843 275 292 0
1844 275 292 0
1845 275 292 0
1847 275 292 0
1850 276 284 0
1851 276 292 0
1852 276 290 0
1853 276 292 0
1856 277 281 0
1857 277 292 0
1860 277 291 0
1862 278 284 0
1863 278 292 0
1865 278 283 0
1870 279 292 0
1875 280 284 0
1876 280 292 0
1877 280 284 0
1879 280 285 0
1880 280 290 0
1883 281 287 0
1887 282 292 0
1888 282 292 0
1889 282 292 0
1891 282 292 0
1894 282 286 0
1895 282 292 0
1898 283 292 0
1904 284 292 0
1905 284 292 0
1906 284 292 0
1908 284 292 0
1912 285 292 0
1913 285 292 0
1914 285 291 0
1917 285 292 0
1920 286 292 0
1922 286 292 0
1923 286 292 0
1925 287 292 0
1926 287 292 0
1927 287 292 0
1928 287 292 0
1930 287 292 0
1933 288 292 0
